66,35,11,0,1,12,2,14,3,16,29,8,74,7,64,42,37,18,5,19,4
0,1,3,10,11,5,68,8,19,64,16,86,72,60,76,79,37,12,61,29,84
66,50,67,32,9,11,13,18,47,14,72,93,23,77,2,6,57,94,21,45,27,49,83,35,62,46,4,85,16,17,22,26,34,70,78,7,74,1,86,52,69,39,89,75,37,30,82,54,88,90,25,53,36,71,41,38
2,35,11,18,0,8,5,72,29,1,3,37,12,16,19,64,66,14,74,50
2,11,74,50,85,35,16,72,75,66,13,77,37,21,32,4,6,7,38,14,94,45,9,22,23,62,46,49,82,83,89,18,93,25,26,78,41,48,71,17,63,1,3,39,30,53,57,27,34,54,69,86,88,91,67,52,70,90
0,1,3,11,74,29,2,5,35,12,89,19,8,37,66,18,72,14,4,16
2,11,66,13,89,72,49,35,7,37,39,17,75,4,82,6,85,9,14,16,18,94,21,22,23,25,26,27,62,69,71,78,67,91,57,32,88,30,50,53,90,93,34,45,83,70,54,12,3,1,86,36,46,74
50,2,11,14,22,27,48,34,18,21,32,9,4,7
29,1,37,11,72,74,64,66,14,3,8,35,2,4,18,16,0,5,12,19
66,85,89,14,93,75
66,2,4,52,9,69,11,89,14,18,93,23,34,83,71,30,50,53,7,85,16,21,32,35,38,57,62,72,77,27,46,70,78,49,67,13,37,88,90,75,6,17,82,25,12,3,74,94,45,86,26,54,39,22
0,11,1,3,5,37,16,19,64,10,12,68,55,61,84,58,60,86,8,72,79
48,50,2,4,7,9,22,21,16,32,34,14,27
30,32,53,13,93,94,2,82,6,9,11,14,18,21,22,23,27,35,46,50,62,66,69,72,4,85,89,1,83,7,17,34,86,45,26,91,25,39,75,49,41,37,52,57,71,74,36,70,28,16,90,12,88,78,67,54
29,8,11,74,1,5,37,12,50,2,4,18,3,16,0,72,66,7,14,19,64
48,2,4,9,21,22,50,34,14,32,18
66,89,14,93,75,85,2,18
0,1,29,3,11,12,18,64,2,66,7,14,8,5,37,72,19,74,16
48,2,32,34,9,14,21,22,27,50,11,4,18,7
66,2,11,75,14,85,1,3,8,16,29,5,12,89,78,37,35,74,0,64,72,19
29,1,11,12,16,0,8,37,72,19,2,14,3,66,4,74,18,5,64,42,89
2,4,9,14,18,21,22,27,32,34,48,50,7,83
50,2,34,9,14,21,22,48,16,18,7,32,4,27
0,5,37,11,10,64,1,3,16,19,61,79,76,86,60,58,12,8
2,4,11,57,66,7,35,85,89,14,93,75,50,83,17,21,74,32,34,9,13,16,23,78,30,53,90,18,3,69,86,94,41,49,52,6,54,46,22,62,39,88,45,71,72,67,70,1,37,25,82,27
66,85,89,14,93,75
2,11,14,75,66,18,72,74,1,3,5,37,19,4,7,89,50,29,8,0,35,64,16,12
2,4,7,11,72,49,30,32,50,6,53,14,18,28,34,35,85,66,88,89,94,21,82,37,13,93,17,45,74,83,71,25,54,57,46,9,69,23,26,27,22,62,90,41,16,78,67,75,38,70,39
30,50,32,2,35,9,53,14,18,94,21,49,4,52,7,85,13,41,16,57,66,37,69,11,89,75,6,93,83,23,36,86,17,47,88,72,82,22,25,26,27,62,71,78,34,67,39,44,45,74,46,90,70,91,38,81
2,32,14,16,18,21,22,27,4,34,9,48,50,7,26
